7
50.000000
30.000000
4
4
0
0
6
6
0
0
6
6
0
0
10
10
0
0
4
4
0
0
8
8
1
0
7
140.000000
30.000000
10
10
0
0
5
5
0
0
6
6
0
0
7
7
0
0
1
1
0
0
9
9
1
0
7
230.000000
30.000000
7
7
0
0
9
9
0
0
8
8
0
0
6
6
0
0
13
13
0
0
13
13
1
0
7
320.000000
30.000000
12
12
0
0
12
12
0
0
2
2
0
0
4
4
0
0
10
10
0
0
8
8
1
0
6
410.000000
30.000000
7
7
0
0
4
4
0
0
9
9
0
0
10
10
0
0
13
13
1
0
6
500.000000
30.000000
11
11
0
0
11
11
0
0
5
5
0
0
5
5
0
0
13
13
1
0
6
590.000000
30.000000
10
10
0
0
9
9
0
0
1
1
0
0
1
1
0
0
2
2
1
0
6
680.000000
30.000000
3
3
0
0
9
9
0
0
2
2
0
0
8
8
0
0
9
9
1
0
6
770.000000
30.000000
2
2
0
0
10
10
0
0
3
3
0
0
5
5
0
0
5
5
1
0
6
860.000000
30.000000
5
5
0
0
12
12
0
0
12
12
0
0
1
1
0
0
7
7
1
0
